1
1
1
1
1
1
1
1
1
1
1
1
1
1
1
3
2
1
1
1
2
1
1
1
1
1
1
1
1
2
1
1
1
1
2
1
1
1
2
1
1
1
1
1
1
1
1
1
1
1
1
1
1
1
1
1
1
1
1
1
1
1
1
1
1
1
2
1
1
1
1
1
1
1
1
1
1
1
1
1
1
1
1
1
1
1
1
1
1
1
1
2
1
1
2
1
2
1
1
1
1
1
1
3
1
1
2
1
1
1
1
1
1
2
1
1
2
2
1
1
1
1
1
1
1
1
2
2
1
1
1
3
1
1
2
1
1
2
1
1
3
1
1
4
1
2
2
1
2
4
1
1
2
1
1
2
1
1
1
1
2
3
1
1
4
2
1
4
1
2
1
1
1
2
1
1
2
3
1
1
1
5
2
5
1
1
1
1
2
1
1
1
1
1
1
3
1
1
1
1
1
1
1
3
1
4
2
1
4
1
1
1
1
3
1
1
1
1
1
1
1
1
1
1
2
1
1
1
4
2
1
2
1
2
5
1
2
5
1
3
1
2
1
1
1
1
3
2
1
1
3
1
1
1
1
1
1
3
1
2
3
1
1
1
2
1
1
8
1
1
1
1
1
1
4
2
1
3
1
7
1
1
1
1
1
2
4
1
1
1
1
1
1
1
1
7
2
1
1
7
5
1
8
3
1
1
3
1
1
2
2
1
2
1
1
2
1
1
1
1
9
2
1
1
1
1
4
4
6
1
2
8
1
2
1
1
1
5
2
1
1
1
7
7
1
1
4
3
1
3
9
4
1
4
2
9
6
1
2
9
5
5
6
1
1
1
2
7
3
1
5
5
1
6
1
1
1
3
8
10
1
1
2
5
1
1
2
2
1
3
1
2
1
1
6
11
1
4
1
6
1
12
1
1
3
2
8
4
2
2
1
7
8
1
1
2
5
11
7
2
1
14
5
1
1
1
11
1
1
1
4
1
1
5
1
3
1
1
1
3
4
4
10
7
5
2
1
2
9
2
5
1
2
7
4
1
2
11
1
4
2
1
2
4
1
2
15
3
14
1
11
1
11
4
4
1
12
1
1
5
1
2
11
10
2
4
7
1
3
5
1
11
1
10
6
1
1
8
4
14
23
10
15
10
12
11
1
1
1
3
7
1
1
1
18
4
1
1
4
10
14
7
1
7
10
9
1
10
6
1
1
12
12
4
7
1
7
14
15
7
10
11
23
8
2
4
1
5
4
1
10
9
10
2
3
1
24
2
2
1
1
8
12
12
2
37
10
2
4
1
1
37
1
1
1
1
8
10
23
23
5
1
30
30
4
10
9
2
4
1
3
1
6
24
12
1
1
14
33
19
32
12
35
13
18
43
6
18
1
1
4
1
1
32
5
17
41
3
3
35
1
18
1
1
1
10
1
11
1
16
12
3
33
2
10
1
1
1
37
13
8
37
13
12
27
14
42
3
24
2
38
10
41
9
11
1
30
17
13
4
1
5
6
16
68
2
79
19
12
5
1
14
12
23
1
38
4
14
24
1
1
1
2
10
1
1
52
1
185
1
1
69
15
54
33
2
6
1
21
117
11
6
1
13
11
69
86
92
1
1
10
1
69
4
3
13
185
139
185
185
20
1
64
86
32
24
120
11
39
1
210
1
1
139
63
1
24
2
24
41
138
21
205
1
64
41
3
576
1
21
20
6
10
1
183
140
41
2
1
10
318
2
114
19
95
1
32
41
1
622
63
11
1
17
24
39
4
1
1
1
20
1
13
20
84
2
297
138
13
589
623
1
20
1
1
613
440
1
53
691
20
613
252
1
21
5
52
259
1
31
1
456
241
809
358
3
1
5
63
261
6
456
31
691
64
44
17
148
371
2
613
809
26
41
1
63
1
530
1
440
252
52
1
182
139
5
440
358
1
252
2
6
693
358
15
6
20
52
64
1
1
789
44
9
296
621
809
1061
56
1
3
1
150
1
1061
809
2
296
253
691
1061
1226
45
1472
1
45
691
139
1844
32
296
10
250
19
20
730
14
1
514
1
1781
1771
250
1
1
106
1781
253
3200
1
619
2
358
1
251
6
515
1619
3200
1
139
1780
31
20
1707
251
2721
3551
2741
1
156
3668
20
4427
32
3668
3
1
697
1707
31
31
1
140
2721
619
171
2590
1
2348
693
791
423
1
3971
1
1
32
6
2222
1707
3
697
1
1
3659
1
1
8570
3659
1
2590
306
8570
3703
6
697
3703
697
4
5987
1
1
877
18
20
3703
1
3703
1
8570
34
1874
1
8570
14923
42
1
2
15
423
423
2
12635
2729
52
3512
1
41
2805
877
1
11122
7678
316
8601
800
17848
8920
619
17848
2729
17848
11122
31
9431
2730
6
9431
8920
18
1883
10923
8920
8719
547
795
1
1
2
11138
107
11138
8237
43359
33
620
1876
8719
2933
97
47672
877
1883
620
877
1
36633
794
36633
1
25827
1
9548
1055
306
2933
97
6085
36685
7678
67822
1
9565
2
2933
1708
1
67822
2590
10923
1
35969
1876
1883
43580
1217
4310
49526
10923
55909
306
39940
403
828
9548
1876
7311
1217
114888
103614
9565
42
3
36685
5835
113838
90445
1
2590
1
29623
101165
32
29623
27895
78746
78746
32428
50403
114888
27895
40553
78746
1056
114144
40553
88312
1
828
1
148263
38875
67823
1876
78746
32428
216099
38875
828
6
50403
2351
1
216099
138263
67930
216099
1
2
252407
19539
36685
1
1
8719
36685
77426
8733
468058
32428
139686
8733
139686
138263
2
2
1
103695
7
1
468164
297932
216899
468164
60055
1056
61
114888
4123
84355
60055
138263
36685
56290
213478
109864
123732
3
520989
114888
989153
1
241689
8719
12911
60055
114888
592658
1009521
1854
191850
4123
989153
32
520989
148740
195848
520989
11138
49643
133326
991169
1
1187864
297934
38876
1
444
297934
522697
490847
520989
1
90445
145356
1205369
892608
191850
49643
12911
191850
3479040
123732
213478
2349112
1225315
1225315
399
1430246
133326
12911
1
1877
1225315
3479040
2349112
2349112
1225315
1187864
9
191850
50699
2349112
2339379
56290
145356
2
133326
1205369
114888
830
399
1877
38877
1225865
8601
1884
3
1225318
892608
2
1
1225318
1
1187865
2294688
413507
8845462
1191987
1
2817385
1884
50699
413507
4507897
983053
1191987
1191987
1205401
6464445
4507897
1187865
195848
4507897
4507897
213478
6004684
36686
1
413507
9386613
2408736
9386613
6921627
9386613
5360462
6119575
983053
1187865
191851
4646162
614894
5234690
4646162
4129781
4129781
15923596
6921627
11632172
6004684
8834926
12123750
6004684
4878716
291206
15923596
29624
7539774
191851
145357
145357
1191987
6004685
1187865
6464445
191851
7944334
1
20411942
1225317
350227
14763581
6004691
50699
191851
614894
12123750
14763581
1
5142386
10399691
42035615
2417305
20411942
51181897
4364697
51181901
2417305
191851
4364697
6004685
7964629
51181897
1191987
51181897
9349951
6005083
7964629
6921627
20885088
6921627
51181897
6932765
7
8156481
8156481
2339379
1
234925
12755654
111856278
5749455
5144263
14620926
26536765
6610037
11848693
14763581
6005083
6004685
1855
52600833
5749455
20883153
8845477
11848693
12755654
234925
20411942
15258415
13947641
7964629
2
12926312
50192096
5144324
2339380
6610037
15258415
20411942
21542553
123704971
27021979
15258415
147763056
15258415
53149039
234925
2871840
53149039
40421838
2339380
65450511
51181901
5144324
1
123704971
1
830
236802
161480989
125803919
123704971
1
204931178
20411942
50242795
2
330652651
50242795
15258415
1
68516952
204931178
298298617
330652651
204931178
52600833
60055
131686702
40421838
459779606
830
396103162
29911218
161480989
443940776
51181901
13399859
396103163
26536768
633404798
330652651
351064593
351064593
316787464
161480989
351064654
784358383
523981869
388255220
388255220
493589071
457849797
2339380
32428
6932765
316787464
330652651
161480989
1284710110
206825428
331143501
179939841
1531069084
647440115
887773047
15495218
575494150
636122934
26323290
700854493
206825428
443940776
6004686
636122934
1531069086
887773047
887773047
443940776
380975812
2871840
20885090
716349711
443940776
492133640
443940776
1191987
203952758
21
380975812
27123456
643839762
887773047
1342223920
1121615579
523264070
331143501
1515739500
1
492133641
492133641
2598618013
1531069086
380975812
105813912
26323290
492133641
364464513
1342223920
2871840
526135910
741936846
1284710110
203952758
720658775
1342223920
2662897650
2242697549
15495218
1284710110
36689562
2390422924
3638565488
1932809295
720658775
206825428
6004686
331143501
2390422924
2768833459
2768833459
2353855378
653561574
1531069086
948762274
2996008894
111856285
343324229
2377492124
2686848307
7222007172
2768833459
2662897651
2662897651
1975009862
3317233782
26536768
2996010111
3317233782
2686848307
2996010111
2324781533
4599663357
4524619387
4538486038
1191987
15495218
4599663357
1
5487436404
9922459263
3007418047
3406880765
6719610530
6719610530
9922459263
5175157507
2968621295
1855
4538486038
1
4524619387
6932765
21
6719610530
2686848307
8373462419
1
20885090
4524619387
6719610530
19394636557
9239823844
653561574
15495218
9922459263
1016221673
1
27587642285
17147795960
1288807268
15495218
19394649468
19753024261
16003021367
12609307570
3333085808
41961275790
11467567837
38355466238
13033413731
1
38355466238
19753024261
4679387646
12625231166
29631585470
45008116802
45008116802
4953352969
51595141434
13033413731
15816875318
66544038673
1
219447978
51595141434
13033413731
4953352969
19753024261
51828776851
6915042311
105924371165
60889931073
9922459263
20465031482
66544038673
43131475027
60889931073
13033413731
42997616156
97463383688
66544038673
66544038673
1
102113938252
208038309419
24432411907
208038309419
38355468122
3317235522
49458016482
49458016482
204947004467
5172800947
119842409387
110827590256
4953352969
110827590256
9239823845
1
1
110827590256
302883731534
204947004467
428155201072
155863468600
183116949733
430003502535
587214440782
53352081083
95092623319
53352081083
24432411907
173194490470
600145507045
49065080178
587214440782
19753024261
687788651927
173194490470
169351607770
19753024261
1
1545947385158
19753024261
12888061808
600841115061
1555187209003
272433799748
302883731534
1
695608016
173194490470
1
346069927851
2460002045245
2037976810105
36689563
587214440782
435249943714
5172800947
2522464965523
435249943714
277730476946
162952978118
1139779412777
530342567033
2522464965523
19753024261
2460002045246
26323290
1409308911985
1071702596200
2460002045246
654193196144
554774978940
1458999818668
23511872494
904814836242
1595012465336
23511872494
1409308911985
2492285883600
904814836242
6932765
5061462757122
654193196144
5061462757122
173194490472
173194490472
1
1582503402457
695608016
1582503402457
3907798027732
6643966159579
3050943764039
5857102765089
6643966159579
5172800947
2603924266766
11596254088425
8011585878238
1016221673
3050943764039
1
272433799748
5172800947
858158703607
11029190580560
7042658473531
208047154896
3050943764039
12635517222783
11596254088425
11596254088425
1976517432442
11029190580560
7452115230425
7452115230425
1483950310059
18492619987872
18240220248004
16035144895499
16035144895499
18492619987872
21688582647473
20216737680446
4561991223876
9221868910095
6643966159579
7452115230425
16035144895499
4561991223876
9680703817792
11029190580560
21688582647473
16035144895499
28731241121004
8127916469638
22820661947212
21688582647473
18910072683182
1
11029190580560
18492619987872
1483950310059
13116221068903
11726251823289
346069927851
1555187210858
11726251823289
45147801406172
13116221068903
16035144895499
8284363002215
23900152672845
11029190580561
18492619987872
1053873167292
58007043694072
45147801406173
58007043694072
40032865501312
11029190580561
13116221068903
75784125912644
5172800947
7968277165278
10361648322872
364464513
5172800947
210569824432545
8284363002215
8284363002215
210569824432545
554774978941
66568611343022
110319105699658
11726251823289
210915894360396
50156331871168
1
5172800947
110319105699658
364951342701470
364951342701470
19313553582776
80774205902307
66568611343022
64518062977414
1139779412777
3435517251111
80774205902307
123486308672463
66568611343022
268601300538524
123486308672463
1
80273778157521
142799862255239
142799862255239
110319105699658
19313553582776
35903164921052
364464513
63640421394045
554774978941
110319105699658
70953835764003
53445052470196
55273548860118
31039805406065
268601300538524
70953835764003
268601300538524
194054798456498
80774205902307
286700020273040
337328691108315
276885663540739
351218083250454
276885663540739
276885663540739
182625537874293
249301949968408
249301949968408
276885663540739
260623409799521
260623409799521
1149957974993960
190967499577222
260623409799521
70046996926416
19313553582776
351218083250454
80774205902307
607759459570822
256541376320368
260623409799521
231000365078534
607759459570822
31039805406065
2095046125673097
2326046490751631
268601665003037
2026309121529581
580009456166336
1483950310059
71072670907377
1
1757717434564782
1
194054798456498
80273778157521
80273778157521
618121107893694
3435517251111
618121107893694
5237139662810096
716174598752871
31039805406065
143914199551566
42281816733523
1198130564060031
7040769571533452
82258156212366
1642992820586356
82258156212366
403244136124348
70046996926416
5087516436185713
385318769451538
1
2577395138375200
7519990160660045
10608368222491415
7370366934035662
10608368222491415
82258156212366
660402924627217
70046996926416
5087516436185713
9514661604851105
3338120612
9514661604851105
80273778157521
266189443220514
3435517251111
927981059652241
347970587264230
5541298977742247
672974821199986
16209656621315879
1
19639278892023406
5463312018574028
5840745282518960
82258156212366
19639278892023406
266189443220514
16209656621315879
5840745282518960
1
3925179427480920
19639278892023406
5541298977742247
266189443220514
347970587264230
19639278892023406
2577395138375200
1650961097751634
5840745282518960
5840745282518960
1
11382599035240148
8187954372702257
27847275205290164
8187954372702257
11382599035240148
10265876328239683
19639278892023407
266189443220514
48058041881857548
1650961097751634
48058041881857548
6139479449438942
10265876328239683
3925179427480920
20128508520355018
1973700353107575
2304407832982212
46553744719811856
8189438323012316
716174598752871
2577395138375200
7840573266067482
54197521331296490
36538863958887807
927981059652241
2577395138375200
19639278892023407
54197521331296490
15991725976505611
19150318886796388
21457116217613727
36538863958887807
10150425919007710
71072670907377
54197521331296490
2304407832982212
21457116217613727
35667806530793146
554774978941
21457116217613727
10150425919007710
19029117502851133
16061778146232974
67560741886151362
57124922748406873
32485431610581286
19150318886796388
49545258510370030
65700728956114793
67560741886151362
347970587264230
67560741886151362
674951338632449
68153238141374432
1391125937385320
46553744719811856
46553744719811856
3925179427480920
65700728956114793
69625908383595713
10266431103218624
68153238141374432
123842420987058627
16423653464348312
70052169727363
19029117502851133
67560741886151362
173387679497428657
133992846906066337
71072670907377
2577395138375200
112135368948295455
58782238129012707
927981059652241
150416500370414649
67144635295435585
150416500370414649
208961651848573357
67144635295435585
117698496651744462
112135368948295455
393576759739978462
117698496651744462
25574209565939693
227990769351424490
203618755289662050
263159173179869847
263159173179869847
203618755289662050
784941681493973130
7223299880899946
58782238129012707
138115353673970796
224035612311888384
224035612311888384
58782238129012707
1138090369269157569
401274526853840644
224035612311888384
644167951833065321
1138090369269157569
298897026707589410
103676631776747776
222572408336679842
49479110445451286
263159173179869848
103676631776747776
1680269677169064245
1680269677169064245
223324986421438030
1680269677169064245
366106339913153880
1
288353411070952156
2285080701156354574
393576759739978462
366106339913153880
1711292109871306741
2
1768460256281601451
1768460256281601451
222572408336679842
416939131319934361
2285080701156354574
222572408336679842
2342248847566649284
1768460256281601451
7223299880899947
222572408336679842
1394561826909718545
1000985067169740083
5563448702368587049
1996452165412438718
224035612311888384
3778973212103170210
224035612311888384
2410238619580114523
117756528127850441
58782238129012707
3778973212103170210
66052034193872474
4640540762860726636
46901715307076086
288353411070952156
5879102018532180549
474107277730229071
1394561826909718545
4640540762860726636
1000985067169740083
927981059652241
2410238619580114523
12608550459252792868
1617134235246398387
5859299425239350073
223324986421438030
5859299425239350073
8419513974963896846
66052034193872474
49479110445451286
1617886813331156575
5859299425239350073
254882218700180456
16325211524899133179
12714234412688881661
16325211524899133179
16325211524899133179
227991909130837267
16325211524899133179
8419513974963896846
224035612311888384
12714236882944089829
754652359683609142
3496558380391895931
17532884463988874169
6026535063812651800
338890701009072213
338890701009072213
1841211799752594605
33282636326586799796
1218758662378623437
5879254328858120278
625665338503478207
16325211524899133179
3496558380391895931
625665338503478207
20116862191852818153
2
5563448702368587049
39706844329537536516
701532191543056516
48316292214405102716
15610959662125512232
15610959662125512232
59048427572233221
3496558380391895931
2896722779181422403
16613564935970085335
5563448702368587049
48316292214405102716
8419513974963896846
642516990735313687
16613564935970085336
56320409265507621851
625665338503478207
58782238129012707
625665338503478207
35727821853978330385
8419513974963896846
56320409265507621851
31022432702242496
625665338503478207
13192444088065708315
57021941457050678367
642516990735313687
1
118905799424926887267
625665338503478207
48316292214405102716
86961193629824888804
113660189182515557397
118905799424926887267
86961193629824888804
23807865202803494551
1
74931185632546239147
625665338503478207
118601940172521915671
44173438318552339269
2896722779181422403
1218758662378623437
122241799959767343982
178590046332890745449
113660189182515557397
118905799424926887267
58782238129012707
209202993589592232786
122241799959767343982
378797772497534239531
227991909130837267
256872990288536467986
625665338503478207
249881085734955586516
74642832221475286991
324590232385016132696
11457640716659647011
74642832221475286991
256872990288536467986
471432303087784094058
34070151630164618572
832016972157417801212
165489476363059341059
249881085734955586516
595857567218402104126
6026535063812651800
44173438318552339269
13258496122259580789
118601940172521915673
1806605997444768885680
1806605997444768885680
435515854702179946302
595857567218402104126
505502454717948712630
118905799424926887267
25300587356246538735
974589025287351084468
74642832221475286991
74642832221475286991
2879436527172255243484
2879436527172255243484
122241799959767343982
1612829567061835852853
435515854702179946302
2896722779181422403
3011600822719441711540
625665338503478207
8419513974963896846
1093494824712277971735
471432303087784094058
2038496165159788680278
3390398595216975951071
44173438318552339269
2041238071180496967067
2935310707778274504860
2041238071180496967067
3131990989872066652013
25300587356246538735
165489476363059341059
3533601940971528706104
3533601940971528706104
2896722779181422403
3546860437093788286893
6272768138769117733040
3510788762369600891544
25241805118117526028
1031373421920582050428
31022432702242496
471432303087784094058
6060813917311150936252
4483893419929253922806
3516815297433413543344
74642832221475286991
3516815297433413543344
25300587356246538735
3516815297433413543344
4483893419929253922806
927981059652241
11457640716659647011
5082184653122508124050
4640355261806066258628
4640355261806066258628
5082184653122508124050
74642832221475286991
18035863556595422693355
5082184653122508124050
5879184276688392915
439031626520618436800
4548188719353995593772
65195608604903
11457640716659647011
439031626520618436800
9630373372476503717822
9124248681735320181434
39967340183121793169585
910463929608402530858
39967340183121793169585
9124248681735320181434
74642832221475286991
39967340183121793169585
19534990272512500100679
6439183377047437416291
9630373372476503717822
918883443583366427704
3516815297433413543344
9124248681735320181434
19534990272512500100679
471432303087784094058
3516815297433413543344
11457640716659647011
61898816809648163645815
74708884255669159465
910463929608402530858
57042004871550233603756
44799103657055817476
25241805118117526028
9124248681735320181434
10043132125318686609138
6159907131726165031481
101872036247098814935678
3516815297433413543344
101872036247098814935678
39973845102789154768070
41764454153762606266273
41764454153762606266273
4548188719353995593772
4627324757592937515106
41764454153762606266273
10609002636665146530024
39973845102789154768070
927981059652241
16309907150910848137894
4548188719353995593772
6159907131726165031481
4627324757592937515106
910463929608402530858
19167380807054006790572
14753189586997052116398
187138608441800649160376
910463929608402530858
9124248681735320181434
46391778911355543781379
19167380807054006790572
15753048923237544227922
187138608441800649160376
39973845102789154768070
67704734677149958121989
297606191478486837731308
300338064891490792332060
297606191478486837731308
910463929608402530858
3516815297433413543344
14753189586997052116398
26405162395196673399605
63160688679746855342884
3516815297433413543344
265349369626863251816951
265349369626863251816951
203907518210191960721881
39973845102789154768070
15753048923237544227922
39973845102789154768070
15753048923237544227922
15753048923237544227922
316091113814728336559982
804615357338521730537351
269506258835930750403508
362482892726083880341361
581302711464940910489345
1249374298448418170531368
251174950256983645320024
74642832221475286991
39973845102789154768070
46391778911355543781379
269506258835930750403508
39973845102789154768070
269506258835930750403508
46133752234515319799551
39973845102789154768070
58222601346719631677072
306538054392784107954710
11856122094739274782186
46391778911355543781379
877735760821003734792156
306538054392784107954710
46397805446419356433179
24067055133187158928029
188014261577236789977140
596888933214676214099880
98196446449508786445142
46397805446419356433179
1249374357496845742764589
46397805446419356433179
1185184279143396245277724
1163729710508438282905852
251188208753105904900813
624498104232653033109988
234412067023656146410319
1836722284359705353562797
4858628847862806952403318
4858628847862806952403318
4858628847862806952403318
1788227814741091316015840
2489835632444899541194588
165489476363059341059
821759993886515757208527
459512130696893492110415
1003382409689272595799609
300382910896863155225622
4278063447185990857210428
26405162397666928607773
587347926862859610798208
243881363312981115489951
4858628847862806952403318
5418860476724019517686343
7639949714960988973999651
1283281818229739696112249
571323805076744985611048
5418860476724019517686343
3778409667554992036132694
5418860476724019517686343
6240620470610535274894870
6240620470610535274894870
16276988230378787962535663
471432303087784094058
4278063447185990857210428
4858628847862806952403318
707792910184398541518630
300382910896863155225622
3077228358411416207810272
991845313528458823977563
3077228358411416207810272
587347926862859610798208
16292741279302025506763585
4926128964804830627295333
17917439039547815444089312
1309686980627406624720022
3311331573119511261769487
320060984513850307665740
251188208753105904900813
17917439039547815444089312
48465322132366878630352180
1211851910279789332301111
1309686980627406624720022
17917439039547815444089312
49677174042646667962653291
3158547498232337792852742
17917439039547815444089312
4926128964804830627295333
3077228358411416207810272
54791317269028735379925767
1309686980627406624720022
59649946116891542332329085
30579857476626361480976111
4926128964804830627295333
24067055133187158928029
75848874732176309180439
104515622018600744229023469
104515622018600744229023469
320060984513850307665740
3077228358411416207810272
104515622018600744229023469
3402428861545318908342693
8313392032243669851871357
3402428861545318908342693
8507181011350968145824638
253167065723370862892131219
34210180318849840950852898
